     0.000000000         0.000000000         7.500000000
     1.982999811         3.434656953         7.500000000
     3.965999623         6.869313906         7.500000000
     5.948999434        10.303970858         7.500000000
     7.931999246        13.738627811         7.500000000
     9.914999057        17.173284764         7.500000000
    11.897998868        20.607941717         7.500000000
    13.880998680        24.042598670         7.500000000
     3.966000080         0.000000000         7.500000000
     5.948999891         3.434656953         7.500000000
     7.931999703         6.869313906         7.500000000
     9.914999514        10.303970858         7.500000000
    11.897999326        13.738627811         7.500000000
    13.880999137        17.173284764         7.500000000
    15.863998948        20.607941717         7.500000000
    17.846998760        24.042598670         7.500000000
     7.932000160         0.000000000         7.500000000
     9.914999972         3.434656953         7.500000000
    11.897999783         6.869313906         7.500000000
    13.880999594        10.303970858         7.500000000
    15.863999406        13.738627811         7.500000000
    17.846999217        17.173284764         7.500000000
    19.829999028        20.607941717         7.500000000
    21.812998840        24.042598670         7.500000000
    11.898000240         0.000000000         7.500000000
    13.881000052         3.434656953         7.500000000
    15.863999863         6.869313906         7.500000000
    17.846999674        10.303970858         7.500000000
    19.829999486        13.738627811         7.500000000
    21.812999297        17.173284764         7.500000000
    23.795999109        20.607941717         7.500000000
    25.778998920        24.042598670         7.500000000
    15.864000320         0.000000000         7.500000000
    17.847000132         3.434656953         7.500000000
    19.829999943         6.869313906         7.500000000
    21.812999755        10.303970858         7.500000000
    23.795999566        13.738627811         7.500000000
    25.778999377        17.173284764         7.500000000
    27.761999189        20.607941717         7.500000000
    29.744999000        24.042598670         7.500000000
    19.830000401         0.000000000         7.500000000
    21.813000212         3.434656953         7.500000000
    23.796000023         6.869313906         7.500000000
    25.778999835        10.303970858         7.500000000
    27.761999646        13.738627811         7.500000000
    29.744999457        17.173284764         7.500000000
    31.727999269        20.607941717         7.500000000
    33.710999080        24.042598670         7.500000000
    23.796000481         0.000000000         7.500000000
    25.779000292         3.434656953         7.500000000
    27.762000103         6.869313906         7.500000000
    29.744999915        10.303970858         7.500000000
    31.727999726        13.738627811         7.500000000
    33.710999538        17.173284764         7.500000000
    35.693999349        20.607941717         7.500000000
    37.676999160        24.042598670         7.500000000
    27.762000561         0.000000000         7.500000000
    29.745000372         3.434656953         7.500000000
    31.728000184         6.869313906         7.500000000
    33.710999995        10.303970858         7.500000000
    35.693999806        13.738627811         7.500000000
    37.676999618        17.173284764         7.500000000
    39.659999429        20.607941717         7.500000000
    41.642999240        24.042598670         7.500000000
