 200 200 200 
+60.1541245450  +0.0000000000  +0.0000000000 
 +0.0000000000 +69.4600000000  +0.0000000000 
 +0.0000000000  +0.0000000000 +15.0000000000 
 -0.0000073260  +0.0000000001  +0.4999999989  
 +0.0333333333  +0.0500000000  +0.5000000000  
 +0.1000000000  +0.0500000000  +0.5000000000  
 +0.1333370093  -0.0000000041  +0.4999999907  
 -0.0000073260  +0.1000000001  +0.4999999989  
 +0.0333333333  +0.1500000000  +0.5000000000  
 +0.1000000000  +0.1500000000  +0.5000000000  
 +0.1333370093  +0.0999999959  +0.4999999907  
 -0.0000073260  +0.2000000001  +0.4999999989  
 +0.0333333333  +0.2500000000  +0.5000000000  
 +0.1000000000  +0.2500000000  +0.5000000000  
 +0.1333370093  +0.1999999959  +0.4999999907  
 -0.0000073260  +0.3000000001  +0.4999999989  
 +0.0333333333  +0.3500000000  +0.5000000000  
 +0.1000000000  +0.3500000000  +0.5000000000  
 +0.1333370093  +0.2999999959  +0.4999999907  
 -0.0000073260  +0.4000000001  +0.4999999989  
 +0.0333333333  +0.4500000000  +0.5000000000  
 +0.1000000000  +0.4500000000  +0.5000000000  
 +0.1333370093  +0.3999999959  +0.4999999907  
 -0.0000073260  +0.5000000001  +0.4999999989  
 +0.0333333333  +0.5500000000  +0.5000000000  
 +0.1000000000  +0.5500000000  +0.5000000000  
 +0.1333370093  +0.4999999959  +0.4999999907  
 -0.0000073260  +0.6000000001  +0.4999999989  
 +0.0333333333  +0.6500000000  +0.5000000000  
 +0.1000000000  +0.6500000000  +0.5000000000  
 +0.1333370093  +0.5999999959  +0.4999999907  
 -0.0000073260  +0.7000000001  +0.4999999989  
 +0.0333333333  +0.7500000000  +0.5000000000  
 +0.1000000000  +0.7500000000  +0.5000000000  
 +0.1333370093  +0.6999999959  +0.4999999907  
 -0.0000073260  +0.8000000001  +0.4999999989  
 +0.0333333333  +0.8500000000  +0.5000000000  
 +0.1000000000  +0.8500000000  +0.5000000000  
 +0.1333370093  +0.7999999959  +0.4999999907  
 -0.0000073260  +0.9000000001  +0.4999999989  
 +0.0333333333  +0.9500000000  +0.5000000000  
 +0.1000000000  +0.9500000000  +0.5000000000  
 +0.1333370093  +0.8999999959  +0.4999999907  
 +0.1999926740  +0.0000000001  +0.4999999989  
 +0.2333333333  +0.0500000000  +0.5000000000  
 +0.3000000000  +0.0500000000  +0.5000000000  
 +0.3333370093  -0.0000000041  +0.4999999907  
 +0.1999926740  +0.1000000001  +0.4999999989  
 +0.2333333333  +0.1500000000  +0.5000000000  
 +0.3000000000  +0.1500000000  +0.5000000000  
 +0.3333370093  +0.0999999959  +0.4999999907  
 +0.1999926740  +0.2000000001  +0.4999999989  
 +0.2333333333  +0.2500000000  +0.5000000000  
 +0.3000000000  +0.2500000000  +0.5000000000  
 +0.3333370093  +0.1999999959  +0.4999999907  
 +0.1999926740  +0.3000000001  +0.4999999989  
 +0.2333333333  +0.3500000000  +0.5000000000  
 +0.3000000000  +0.3500000000  +0.5000000000  
 +0.3333370093  +0.2999999959  +0.4999999907  
 +0.1999926740  +0.4000000001  +0.4999999989  
 +0.2333333333  +0.4500000000  +0.5000000000  
 +0.3000000000  +0.4500000000  +0.5000000000  
 +0.3333370093  +0.3999999959  +0.4999999907  
 +0.1999926740  +0.5000000001  +0.4999999989  
 +0.2333333333  +0.5500000000  +0.5000000000  
 +0.3000000000  +0.5500000000  +0.5000000000  
 +0.3333370093  +0.4999999959  +0.4999999907  
 +0.1999926740  +0.6000000001  +0.4999999989  
 +0.2333333333  +0.6500000000  +0.5000000000  
 +0.3000000000  +0.6500000000  +0.5000000000  
 +0.3333370093  +0.5999999959  +0.4999999907  
 +0.1999926740  +0.7000000001  +0.4999999989  
 +0.2333333333  +0.7500000000  +0.5000000000  
 +0.3000000000  +0.7500000000  +0.5000000000  
 +0.3333370093  +0.6999999959  +0.4999999907  
 +0.1999926740  +0.8000000001  +0.4999999989  
 +0.2333333333  +0.8500000000  +0.5000000000  
 +0.3000000000  +0.8500000000  +0.5000000000  
 +0.3333370093  +0.7999999959  +0.4999999907  
 +0.1999926740  +0.9000000001  +0.4999999989  
 +0.2333333333  +0.9500000000  +0.5000000000  
 +0.3000000000  +0.9500000000  +0.5000000000  
 +0.3333370093  +0.8999999959  +0.4999999907  
 +0.3999926740  +0.0000000001  +0.4999999989  
 +0.4333333333  +0.0500000000  +0.5000000000  
 +0.5000000000  +0.0500000000  +0.5000000000  
 +0.5333370093  -0.0000000041  +0.4999999907  
 +0.3999926740  +0.1000000001  +0.4999999989  
 +0.4333333333  +0.1500000000  +0.5000000000  
 +0.5000000000  +0.1500000000  +0.5000000000  
 +0.5333370093  +0.0999999959  +0.4999999907  
 +0.3999926740  +0.2000000001  +0.4999999989  
 +0.4333333333  +0.2500000000  +0.5000000000  
 +0.5000000000  +0.2500000000  +0.5000000000  
 +0.5333370093  +0.1999999959  +0.4999999907  
 +0.3999926740  +0.3000000001  +0.4999999989  
 +0.4333333333  +0.3500000000  +0.5000000000  
 +0.5000000000  +0.3500000000  +0.5000000000  
 +0.5333370093  +0.2999999959  +0.4999999907  
 +0.3999926740  +0.4000000001  +0.4999999989  
 +0.4333333333  +0.4500000000  +0.5000000000  
 +0.5000000000  +0.4500000000  +0.5000000000  
 +0.5333370093  +0.3999999959  +0.4999999907  
 +0.3999926740  +0.5000000001  +0.4999999989  
 +0.4333333333  +0.5500000000  +0.5000000000  
 +0.5000000000  +0.5500000000  +0.5000000000  
 +0.5333370093  +0.4999999959  +0.4999999907  
 +0.3999926740  +0.6000000001  +0.4999999989  
 +0.4333333333  +0.6500000000  +0.5000000000  
 +0.5000000000  +0.6500000000  +0.5000000000  
 +0.5333370093  +0.5999999959  +0.4999999907  
 +0.3999926740  +0.7000000001  +0.4999999989  
 +0.4333333333  +0.7500000000  +0.5000000000  
 +0.5000000000  +0.7500000000  +0.5000000000  
 +0.5333370093  +0.6999999959  +0.4999999907  
 +0.3999926740  +0.8000000001  +0.4999999989  
 +0.4333333333  +0.8500000000  +0.5000000000  
 +0.5000000000  +0.8500000000  +0.5000000000  
 +0.5333370093  +0.7999999959  +0.4999999907  
 +0.3999926740  +0.9000000001  +0.4999999989  
 +0.4333333333  +0.9500000000  +0.5000000000  
 +0.5000000000  +0.9500000000  +0.5000000000  
 +0.5333370093  +0.8999999959  +0.4999999907  
 +0.5999926740  +0.0000000001  +0.4999999989  
 +0.6333333333  +0.0500000000  +0.5000000000  
 +0.7000000000  +0.0500000000  +0.5000000000  
 +0.7333370093  -0.0000000041  +0.4999999907  
 +0.5999926740  +0.1000000001  +0.4999999989  
 +0.6333333333  +0.1500000000  +0.5000000000  
 +0.7000000000  +0.1500000000  +0.5000000000  
 +0.7333370093  +0.0999999959  +0.4999999907  
 +0.5999926740  +0.2000000001  +0.4999999989  
 +0.6333333333  +0.2500000000  +0.5000000000  
 +0.7000000000  +0.2500000000  +0.5000000000  
 +0.7333370093  +0.1999999959  +0.4999999907  
 +0.5999926740  +0.3000000001  +0.4999999989  
 +0.6333333333  +0.3500000000  +0.5000000000  
 +0.7000000000  +0.3500000000  +0.5000000000  
 +0.7333370093  +0.2999999959  +0.4999999907  
 +0.5999926740  +0.4000000001  +0.4999999989  
 +0.6333333333  +0.4500000000  +0.5000000000  
 +0.7000000000  +0.4500000000  +0.5000000000  
 +0.7333370093  +0.3999999959  +0.4999999907  
 +0.5999926740  +0.5000000001  +0.4999999989  
 +0.6333333333  +0.5500000000  +0.5000000000  
 +0.7000000000  +0.5500000000  +0.5000000000  
 +0.7333370093  +0.4999999959  +0.4999999907  
 +0.5999926740  +0.6000000001  +0.4999999989  
 +0.6333333333  +0.6500000000  +0.5000000000  
 +0.7000000000  +0.6500000000  +0.5000000000  
 +0.7333370093  +0.5999999959  +0.4999999907  
 +0.5999926740  +0.7000000001  +0.4999999989  
 +0.6333333333  +0.7500000000  +0.5000000000  
 +0.7000000000  +0.7500000000  +0.5000000000  
 +0.7333370093  +0.6999999959  +0.4999999907  
 +0.5999926740  +0.8000000001  +0.4999999989  
 +0.6333333333  +0.8500000000  +0.5000000000  
 +0.7000000000  +0.8500000000  +0.5000000000  
 +0.7333370093  +0.7999999959  +0.4999999907  
 +0.5999926740  +0.9000000001  +0.4999999989  
 +0.6333333333  +0.9500000000  +0.5000000000  
 +0.7000000000  +0.9500000000  +0.5000000000  
 +0.7333370093  +0.8999999959  +0.4999999907  
 +0.7999926740  +0.0000000001  +0.4999999989  
 +0.8333333333  +0.0500000000  +0.5000000000  
 +0.9000000000  +0.0500000000  +0.5000000000  
 +0.9333370093  -0.0000000041  +0.4999999907  
 +0.7999926740  +0.1000000001  +0.4999999989  
 +0.8333333333  +0.1500000000  +0.5000000000  
 +0.9000000000  +0.1500000000  +0.5000000000  
 +0.9333370093  +0.0999999959  +0.4999999907  
 +0.7999926740  +0.2000000001  +0.4999999989  
 +0.8333333333  +0.2500000000  +0.5000000000  
 +0.9000000000  +0.2500000000  +0.5000000000  
 +0.9333370093  +0.1999999959  +0.4999999907  
 +0.7999926740  +0.3000000001  +0.4999999989  
 +0.8333333333  +0.3500000000  +0.5000000000  
 +0.9000000000  +0.3500000000  +0.5000000000  
 +0.9333370093  +0.2999999959  +0.4999999907  
 +0.7999926740  +0.4000000001  +0.4999999989  
 +0.8333333333  +0.4500000000  +0.5000000000  
 +0.9000000000  +0.4500000000  +0.5000000000  
 +0.9333370093  +0.3999999959  +0.4999999907  
 +0.7999926740  +0.5000000001  +0.4999999989  
 +0.8333333333  +0.5500000000  +0.5000000000  
 +0.9000000000  +0.5500000000  +0.5000000000  
 +0.9333370093  +0.4999999959  +0.4999999907  
 +0.7999926740  +0.6000000001  +0.4999999989  
 +0.8333333333  +0.6500000000  +0.5000000000  
 +0.9000000000  +0.6500000000  +0.5000000000  
 +0.9333370093  +0.5999999959  +0.4999999907  
 +0.7999926740  +0.7000000001  +0.4999999989  
 +0.8333333333  +0.7500000000  +0.5000000000  
 +0.9000000000  +0.7500000000  +0.5000000000  
 +0.9333370093  +0.6999999959  +0.4999999907  
 +0.7999926740  +0.8000000001  +0.4999999989  
 +0.8333333333  +0.8500000000  +0.5000000000  
 +0.9000000000  +0.8500000000  +0.5000000000  
 +0.9333370093  +0.7999999959  +0.4999999907  
 +0.7999926740  +0.9000000001  +0.4999999989  
 +0.8333333333  +0.9500000000  +0.5000000000  
 +0.9000000000  +0.9500000000  +0.5000000000  
 +0.9333370093  +0.8999999959  +0.4999999907  
