200 200 200
+39.6286727040  +0.0002023080  -0.0020432200 
 +0.0001759310 +39.6276637070  +0.0017381680 
 -0.0011602186  +0.0009792632 +21.7846297372 
 +0.0250002218  +0.0249995581  -0.0000025674 
 +0.0749996096  +0.0750003628  +0.0000027015 
 +0.0250002218  +0.1249995581  -0.0000025674 
 +0.0749996096  +0.1750003628  +0.0000027015 
 +0.0250002218  +0.2249995581  -0.0000025674 
 +0.0749996096  +0.2750003628  +0.0000027015 
 +0.0250002218  +0.3249995581  -0.0000025674 
 +0.0749996096  +0.3750003628  +0.0000027015 
 +0.0250002218  +0.4249995581  -0.0000025674 
 +0.0749996096  +0.4750003628  +0.0000027015 
 +0.0250002218  +0.5249995581  -0.0000025674 
 +0.0749996096  +0.5750003628  +0.0000027015 
 +0.0250002218  +0.6249995581  -0.0000025674 
 +0.0749996096  +0.6750003628  +0.0000027015 
 +0.0250002218  +0.7249995581  -0.0000025674 
 +0.0749996096  +0.7750003628  +0.0000027015 
 +0.0250002218  +0.8249995581  -0.0000025674 
 +0.0749996096  +0.8750003628  +0.0000027015 
 +0.0250002218  +0.9249995581  -0.0000025674 
 +0.0749996096  +0.9750003628  +0.0000027015 
 +0.1250002218  +0.0249995581  -0.0000025674 
 +0.1749996096  +0.0750003628  +0.0000027015 
 +0.1250002218  +0.1249995581  -0.0000025674 
 +0.1749996096  +0.1750003628  +0.0000027015 
 +0.1250002218  +0.2249995581  -0.0000025674 
 +0.1749996096  +0.2750003628  +0.0000027015 
 +0.1250002218  +0.3249995581  -0.0000025674 
 +0.1749996096  +0.3750003628  +0.0000027015 
 +0.1250002218  +0.4249995581  -0.0000025674 
 +0.1749996096  +0.4750003628  +0.0000027015 
 +0.1250002218  +0.5249995581  -0.0000025674 
 +0.1749996096  +0.5750003628  +0.0000027015 
 +0.1250002218  +0.6249995581  -0.0000025674 
 +0.1749996096  +0.6750003628  +0.0000027015 
 +0.1250002218  +0.7249995581  -0.0000025674 
 +0.1749996096  +0.7750003628  +0.0000027015 
 +0.1250002218  +0.8249995581  -0.0000025674 
 +0.1749996096  +0.8750003628  +0.0000027015 
 +0.1250002218  +0.9249995581  -0.0000025674 
 +0.1749996096  +0.9750003628  +0.0000027015 
 +0.2250002218  +0.0249995581  -0.0000025674 
 +0.2749996096  +0.0750003628  +0.0000027015 
 +0.2250002218  +0.1249995581  -0.0000025674 
 +0.2749996096  +0.1750003628  +0.0000027015 
 +0.2250002218  +0.2249995581  -0.0000025674 
 +0.2749996096  +0.2750003628  +0.0000027015 
 +0.2250002218  +0.3249995581  -0.0000025674 
 +0.2749996096  +0.3750003628  +0.0000027015 
 +0.2250002218  +0.4249995581  -0.0000025674 
 +0.2749996096  +0.4750003628  +0.0000027015 
 +0.2250002218  +0.5249995581  -0.0000025674 
 +0.2749996096  +0.5750003628  +0.0000027015 
 +0.2250002218  +0.6249995581  -0.0000025674 
 +0.2749996096  +0.6750003628  +0.0000027015 
 +0.2250002218  +0.7249995581  -0.0000025674 
 +0.2749996096  +0.7750003628  +0.0000027015 
 +0.2250002218  +0.8249995581  -0.0000025674 
 +0.2749996096  +0.8750003628  +0.0000027015 
 +0.2250002218  +0.9249995581  -0.0000025674 
 +0.2749996096  +0.9750003628  +0.0000027015 
 +0.3250002218  +0.0249995581  -0.0000025674 
 +0.3749996096  +0.0750003628  +0.0000027015 
 +0.3250002218  +0.1249995581  -0.0000025674 
 +0.3749996096  +0.1750003628  +0.0000027015 
 +0.3250002218  +0.2249995581  -0.0000025674 
 +0.3749996096  +0.2750003628  +0.0000027015 
 +0.3250002218  +0.3249995581  -0.0000025674 
 +0.3749996096  +0.3750003628  +0.0000027015 
 +0.3250002218  +0.4249995581  -0.0000025674 
 +0.3749996096  +0.4750003628  +0.0000027015 
 +0.3250002218  +0.5249995581  -0.0000025674 
 +0.3749996096  +0.5750003628  +0.0000027015 
 +0.3250002218  +0.6249995581  -0.0000025674 
 +0.3749996096  +0.6750003628  +0.0000027015 
 +0.3250002218  +0.7249995581  -0.0000025674 
 +0.3749996096  +0.7750003628  +0.0000027015 
 +0.3250002218  +0.8249995581  -0.0000025674 
 +0.3749996096  +0.8750003628  +0.0000027015 
 +0.3250002218  +0.9249995581  -0.0000025674 
 +0.3749996096  +0.9750003628  +0.0000027015 
 +0.4250002218  +0.0249995581  -0.0000025674 
 +0.4749996096  +0.0750003628  +0.0000027015 
 +0.4250002218  +0.1249995581  -0.0000025674 
 +0.4749996096  +0.1750003628  +0.0000027015 
 +0.4250002218  +0.2249995581  -0.0000025674 
 +0.4749996096  +0.2750003628  +0.0000027015 
 +0.4250002218  +0.3249995581  -0.0000025674 
 +0.4749996096  +0.3750003628  +0.0000027015 
 +0.4250002218  +0.4249995581  -0.0000025674 
 +0.4749996096  +0.4750003628  +0.0000027015 
 +0.4250002218  +0.5249995581  -0.0000025674 
 +0.4749996096  +0.5750003628  +0.0000027015 
 +0.4250002218  +0.6249995581  -0.0000025674 
 +0.4749996096  +0.6750003628  +0.0000027015 
 +0.4250002218  +0.7249995581  -0.0000025674 
 +0.4749996096  +0.7750003628  +0.0000027015 
 +0.4250002218  +0.8249995581  -0.0000025674 
 +0.4749996096  +0.8750003628  +0.0000027015 
 +0.4250002218  +0.9249995581  -0.0000025674 
 +0.4749996096  +0.9750003628  +0.0000027015 
 +0.5250002218  +0.0249995581  -0.0000025674 
 +0.5749996096  +0.0750003628  +0.0000027015 
 +0.5250002218  +0.1249995581  -0.0000025674 
 +0.5749996096  +0.1750003628  +0.0000027015 
 +0.5250002218  +0.2249995581  -0.0000025674 
 +0.5749996096  +0.2750003628  +0.0000027015 
 +0.5250002218  +0.3249995581  -0.0000025674 
 +0.5749996096  +0.3750003628  +0.0000027015 
 +0.5250002218  +0.4249995581  -0.0000025674 
 +0.5749996096  +0.4750003628  +0.0000027015 
 +0.5250002218  +0.5249995581  -0.0000025674 
 +0.5749996096  +0.5750003628  +0.0000027015 
 +0.5250002218  +0.6249995581  -0.0000025674 
 +0.5749996096  +0.6750003628  +0.0000027015 
 +0.5250002218  +0.7249995581  -0.0000025674 
 +0.5749996096  +0.7750003628  +0.0000027015 
 +0.5250002218  +0.8249995581  -0.0000025674 
 +0.5749996096  +0.8750003628  +0.0000027015 
 +0.5250002218  +0.9249995581  -0.0000025674 
 +0.5749996096  +0.9750003628  +0.0000027015 
 +0.6250002218  +0.0249995581  -0.0000025674 
 +0.6749996096  +0.0750003628  +0.0000027015 
 +0.6250002218  +0.1249995581  -0.0000025674 
 +0.6749996096  +0.1750003628  +0.0000027015 
 +0.6250002218  +0.2249995581  -0.0000025674 
 +0.6749996096  +0.2750003628  +0.0000027015 
 +0.6250002218  +0.3249995581  -0.0000025674 
 +0.6749996096  +0.3750003628  +0.0000027015 
 +0.6250002218  +0.4249995581  -0.0000025674 
 +0.6749996096  +0.4750003628  +0.0000027015 
 +0.6250002218  +0.5249995581  -0.0000025674 
 +0.6749996096  +0.5750003628  +0.0000027015 
 +0.6250002218  +0.6249995581  -0.0000025674 
 +0.6749996096  +0.6750003628  +0.0000027015 
 +0.6250002218  +0.7249995581  -0.0000025674 
 +0.6749996096  +0.7750003628  +0.0000027015 
 +0.6250002218  +0.8249995581  -0.0000025674 
 +0.6749996096  +0.8750003628  +0.0000027015 
 +0.6250002218  +0.9249995581  -0.0000025674 
 +0.6749996096  +0.9750003628  +0.0000027015 
 +0.7250002218  +0.0249995581  -0.0000025674 
 +0.7749996096  +0.0750003628  +0.0000027015 
 +0.7250002218  +0.1249995581  -0.0000025674 
 +0.7749996096  +0.1750003628  +0.0000027015 
 +0.7250002218  +0.2249995581  -0.0000025674 
 +0.7749996096  +0.2750003628  +0.0000027015 
 +0.7250002218  +0.3249995581  -0.0000025674 
 +0.7749996096  +0.3750003628  +0.0000027015 
 +0.7250002218  +0.4249995581  -0.0000025674 
 +0.7749996096  +0.4750003628  +0.0000027015 
 +0.7250002218  +0.5249995581  -0.0000025674 
 +0.7749996096  +0.5750003628  +0.0000027015 
 +0.7250002218  +0.6249995581  -0.0000025674 
 +0.7749996096  +0.6750003628  +0.0000027015 
 +0.7250002218  +0.7249995581  -0.0000025674 
 +0.7749996096  +0.7750003628  +0.0000027015 
 +0.7250002218  +0.8249995581  -0.0000025674 
 +0.7749996096  +0.8750003628  +0.0000027015 
 +0.7250002218  +0.9249995581  -0.0000025674 
 +0.7749996096  +0.9750003628  +0.0000027015 
 +0.8250002218  +0.0249995581  -0.0000025674 
 +0.8749996096  +0.0750003628  +0.0000027015 
 +0.8250002218  +0.1249995581  -0.0000025674 
 +0.8749996096  +0.1750003628  +0.0000027015 
 +0.8250002218  +0.2249995581  -0.0000025674 
 +0.8749996096  +0.2750003628  +0.0000027015 
 +0.8250002218  +0.3249995581  -0.0000025674 
 +0.8749996096  +0.3750003628  +0.0000027015 
 +0.8250002218  +0.4249995581  -0.0000025674 
 +0.8749996096  +0.4750003628  +0.0000027015 
 +0.8250002218  +0.5249995581  -0.0000025674 
 +0.8749996096  +0.5750003628  +0.0000027015 
 +0.8250002218  +0.6249995581  -0.0000025674 
 +0.8749996096  +0.6750003628  +0.0000027015 
 +0.8250002218  +0.7249995581  -0.0000025674 
 +0.8749996096  +0.7750003628  +0.0000027015 
 +0.8250002218  +0.8249995581  -0.0000025674 
 +0.8749996096  +0.8750003628  +0.0000027015 
 +0.8250002218  +0.9249995581  -0.0000025674 
 +0.8749996096  +0.9750003628  +0.0000027015 
 +0.9250002218  +0.0249995581  -0.0000025674 
 +0.9749996096  +0.0750003628  +0.0000027015 
 +0.9250002218  +0.1249995581  -0.0000025674 
 +0.9749996096  +0.1750003628  +0.0000027015 
 +0.9250002218  +0.2249995581  -0.0000025674 
 +0.9749996096  +0.2750003628  +0.0000027015 
 +0.9250002218  +0.3249995581  -0.0000025674 
 +0.9749996096  +0.3750003628  +0.0000027015 
 +0.9250002218  +0.4249995581  -0.0000025674 
 +0.9749996096  +0.4750003628  +0.0000027015 
 +0.9250002218  +0.5249995581  -0.0000025674 
 +0.9749996096  +0.5750003628  +0.0000027015 
 +0.9250002218  +0.6249995581  -0.0000025674 
 +0.9749996096  +0.6750003628  +0.0000027015 
 +0.9250002218  +0.7249995581  -0.0000025674 
 +0.9749996096  +0.7750003628  +0.0000027015 
 +0.9250002218  +0.8249995581  -0.0000025674 
 +0.9749996096  +0.8750003628  +0.0000027015 
 +0.9250002218  +0.9249995581  -0.0000025674 
 +0.9749996096  +0.9750003628  +0.0000027015 
