400 400 400
+17.3205080800 -10.0000000000  +0.0000000000 
+17.3205080800 +10.0000000000  +0.0000000000 
 +0.0000000000  +0.0000000000  +3.7821482600 
 +0.0000000028  +0.1999999972  +0.4999999986  
 +0.0000000028  +0.0499999972  +0.4999999986  
 +0.0000000028  +0.0999999972  +0.4999999986  
 +0.0000000028  +0.1499999972  +0.4999999986  
 +0.0500000028  +0.1999999972  +0.4999999986  
 +0.0500000028  +0.0499999972  +0.4999999986  
 +0.0500000028  +0.0999999972  +0.4999999986  
 +0.0500000028  +0.1499999972  +0.4999999986  
 +0.1000000028  +0.1999999972  +0.4999999986  
 +0.1000000028  +0.0499999972  +0.4999999986  
 +0.1000000028  +0.0999999972  +0.4999999986  
 +0.1000000028  +0.1499999972  +0.4999999986  
 +0.1500000028  +0.1999999972  +0.4999999986  
 +0.1500000028  +0.0499999972  +0.4999999986  
 +0.1500000028  +0.0999999972  +0.4999999986  
 +0.1500000028  +0.1499999972  +0.4999999986  
 +0.0000000028  +0.3999999972  +0.4999999986  
 +0.0000000028  +0.2499999972  +0.4999999986  
 +0.0000000028  +0.2999999972  +0.4999999986  
 +0.0000000028  +0.3499999972  +0.4999999986  
 +0.0500000028  +0.3999999972  +0.4999999986  
 +0.0500000028  +0.2499999972  +0.4999999986  
 +0.0500000028  +0.2999999972  +0.4999999986  
 +0.0500000028  +0.3499999972  +0.4999999986  
 +0.1000000028  +0.3999999972  +0.4999999986  
 +0.1000000028  +0.2499999972  +0.4999999986  
 +0.1000000028  +0.2999999972  +0.4999999986  
 +0.1000000028  +0.3499999972  +0.4999999986  
 +0.1500000028  +0.3999999972  +0.4999999986  
 +0.1500000028  +0.2499999972  +0.4999999986  
 +0.1500000028  +0.2999999972  +0.4999999986  
 +0.1500000028  +0.3499999972  +0.4999999986  
 +0.0000000028  +0.5999999972  +0.4999999986  
 +0.0000000028  +0.4499999972  +0.4999999986  
 +0.0000000028  +0.4999999972  +0.4999999986  
 +0.0000000028  +0.5499999972  +0.4999999986  
 +0.0500000028  +0.5999999972  +0.4999999986  
 +0.0500000028  +0.4499999972  +0.4999999986  
 +0.0500000028  +0.4999999972  +0.4999999986  
 +0.0500000028  +0.5499999972  +0.4999999986  
 +0.1000000028  +0.5999999972  +0.4999999986  
 +0.1000000028  +0.4499999972  +0.4999999986  
 +0.1000000028  +0.4999999972  +0.4999999986  
 +0.1000000028  +0.5499999972  +0.4999999986  
 +0.1500000028  +0.5999999972  +0.4999999986  
 +0.1500000028  +0.4499999972  +0.4999999986  
 +0.1500000028  +0.4999999972  +0.4999999986  
 +0.1500000028  +0.5499999972  +0.4999999986  
 +0.0000000028  +0.7999999972  +0.4999999986  
 +0.0000000028  +0.6499999972  +0.4999999986  
 +0.0000000028  +0.6999999972  +0.4999999986  
 +0.0000000028  +0.7499999972  +0.4999999986  
 +0.0500000028  +0.7999999972  +0.4999999986  
 +0.0500000028  +0.6499999972  +0.4999999986  
 +0.0500000028  +0.6999999972  +0.4999999986  
 +0.0500000028  +0.7499999972  +0.4999999986  
 +0.1000000028  +0.7999999972  +0.4999999986  
 +0.1000000028  +0.6499999972  +0.4999999986  
 +0.1000000028  +0.6999999972  +0.4999999986  
 +0.1000000028  +0.7499999972  +0.4999999986  
 +0.1500000028  +0.7999999972  +0.4999999986  
 +0.1500000028  +0.6499999972  +0.4999999986  
 +0.1500000028  +0.6999999972  +0.4999999986  
 +0.1500000028  +0.7499999972  +0.4999999986  
 +0.0000000028  +0.9999999972  +0.4999999986  
 +0.0000000028  +0.8499999972  +0.4999999986  
 +0.0000000028  +0.8999999972  +0.4999999986  
 +0.0000000028  +0.9499999972  +0.4999999986  
 +0.0500000028  +0.9999999972  +0.4999999986  
 +0.0500000028  +0.8499999972  +0.4999999986  
 +0.0500000028  +0.8999999972  +0.4999999986  
 +0.0500000028  +0.9499999972  +0.4999999986  
 +0.1000000028  +0.9999999972  +0.4999999986  
 +0.1000000028  +0.8499999972  +0.4999999986  
 +0.1000000028  +0.8999999972  +0.4999999986  
 +0.1000000028  +0.9499999972  +0.4999999986  
 +0.1500000028  +0.9999999972  +0.4999999986  
 +0.1500000028  +0.8499999972  +0.4999999986  
 +0.1500000028  +0.8999999972  +0.4999999986  
 +0.1500000028  +0.9499999972  +0.4999999986  
 +0.2000000028  +0.1999999972  +0.4999999986  
 +0.2000000028  +0.0499999972  +0.4999999986  
 +0.2000000028  +0.0999999972  +0.4999999986  
 +0.2000000028  +0.1499999972  +0.4999999986  
 +0.2500000028  +0.1999999972  +0.4999999986  
 +0.2500000028  +0.0499999972  +0.4999999986  
 +0.2500000028  +0.0999999972  +0.4999999986  
 +0.2500000028  +0.1499999972  +0.4999999986  
 +0.3000000028  +0.1999999972  +0.4999999986  
 +0.3000000028  +0.0499999972  +0.4999999986  
 +0.3000000028  +0.0999999972  +0.4999999986  
 +0.3000000028  +0.1499999972  +0.4999999986  
 +0.3500000028  +0.1999999972  +0.4999999986  
 +0.3500000028  +0.0499999972  +0.4999999986  
 +0.3500000028  +0.0999999972  +0.4999999986  
 +0.3500000028  +0.1499999972  +0.4999999986  
 +0.2000000028  +0.3999999972  +0.4999999986  
 +0.2000000028  +0.2499999972  +0.4999999986  
 +0.2000000028  +0.2999999972  +0.4999999986  
 +0.2000000028  +0.3499999972  +0.4999999986  
 +0.2500000028  +0.3999999972  +0.4999999986  
 +0.2500000028  +0.2499999972  +0.4999999986  
 +0.2500000028  +0.2999999972  +0.4999999986  
 +0.2500000028  +0.3499999972  +0.4999999986  
 +0.3000000028  +0.3999999972  +0.4999999986  
 +0.3000000028  +0.2499999972  +0.4999999986  
 +0.3000000028  +0.2999999972  +0.4999999986  
 +0.3000000028  +0.3499999972  +0.4999999986  
 +0.3500000028  +0.3999999972  +0.4999999986  
 +0.3500000028  +0.2499999972  +0.4999999986  
 +0.3500000028  +0.2999999972  +0.4999999986  
 +0.3500000028  +0.3499999972  +0.4999999986  
 +0.2000000028  +0.5999999972  +0.4999999986  
 +0.2000000028  +0.4499999972  +0.4999999986  
 +0.2000000028  +0.4999999972  +0.4999999986  
 +0.2000000028  +0.5499999972  +0.4999999986  
 +0.2500000028  +0.5999999972  +0.4999999986  
 +0.2500000028  +0.4499999972  +0.4999999986  
 +0.2500000028  +0.4999999972  +0.4999999986  
 +0.2500000028  +0.5499999972  +0.4999999986  
 +0.3000000028  +0.5999999972  +0.4999999986  
 +0.3000000028  +0.4499999972  +0.4999999986  
 +0.3000000028  +0.4999999972  +0.4999999986  
 +0.3000000028  +0.5499999972  +0.4999999986  
 +0.3500000028  +0.5999999972  +0.4999999986  
 +0.3500000028  +0.4499999972  +0.4999999986  
 +0.3500000028  +0.4999999972  +0.4999999986  
 +0.3500000028  +0.5499999972  +0.4999999986  
 +0.2000000028  +0.7999999972  +0.4999999986  
 +0.2000000028  +0.6499999972  +0.4999999986  
 +0.2000000028  +0.6999999972  +0.4999999986  
 +0.2000000028  +0.7499999972  +0.4999999986  
 +0.2500000028  +0.7999999972  +0.4999999986  
 +0.2500000028  +0.6499999972  +0.4999999986  
 +0.2500000028  +0.6999999972  +0.4999999986  
 +0.2500000028  +0.7499999972  +0.4999999986  
 +0.3000000028  +0.7999999972  +0.4999999986  
 +0.3000000028  +0.6499999972  +0.4999999986  
 +0.3000000028  +0.6999999972  +0.4999999986  
 +0.3000000028  +0.7499999972  +0.4999999986  
 +0.3500000028  +0.7999999972  +0.4999999986  
 +0.3500000028  +0.6499999972  +0.4999999986  
 +0.3500000028  +0.6999999972  +0.4999999986  
 +0.3500000028  +0.7499999972  +0.4999999986  
 +0.2000000028  +0.9999999972  +0.4999999986  
 +0.2000000028  +0.8499999972  +0.4999999986  
 +0.2000000028  +0.8999999972  +0.4999999986  
 +0.2000000028  +0.9499999972  +0.4999999986  
 +0.2500000028  +0.9999999972  +0.4999999986  
 +0.2500000028  +0.8499999972  +0.4999999986  
 +0.2500000028  +0.8999999972  +0.4999999986  
 +0.2500000028  +0.9499999972  +0.4999999986  
 +0.3000000028  +0.9999999972  +0.4999999986  
 +0.3000000028  +0.8499999972  +0.4999999986  
 +0.3000000028  +0.8999999972  +0.4999999986  
 +0.3000000028  +0.9499999972  +0.4999999986  
 +0.3500000028  +0.9999999972  +0.4999999986  
 +0.3500000028  +0.8499999972  +0.4999999986  
 +0.3500000028  +0.8999999972  +0.4999999986  
 +0.3500000028  +0.9499999972  +0.4999999986  
 +0.4000000028  +0.1999999972  +0.4999999986  
 +0.4000000028  +0.0499999972  +0.4999999986  
 +0.4000000028  +0.0999999972  +0.4999999986  
 +0.4000000028  +0.1499999972  +0.4999999986  
 +0.4500000028  +0.1999999972  +0.4999999986  
 +0.4500000028  +0.0499999972  +0.4999999986  
 +0.4500000028  +0.0999999972  +0.4999999986  
 +0.4500000028  +0.1499999972  +0.4999999986  
 +0.5000000028  +0.1999999972  +0.4999999986  
 +0.5000000028  +0.0499999972  +0.4999999986  
 +0.5000000028  +0.0999999972  +0.4999999986  
 +0.5000000028  +0.1499999972  +0.4999999986  
 +0.5500000028  +0.1999999972  +0.4999999986  
 +0.5500000028  +0.0499999972  +0.4999999986  
 +0.5500000028  +0.0999999972  +0.4999999986  
 +0.5500000028  +0.1499999972  +0.4999999986  
 +0.4000000028  +0.3999999972  +0.4999999986  
 +0.4000000028  +0.2499999972  +0.4999999986  
 +0.4000000028  +0.2999999972  +0.4999999986  
 +0.4000000028  +0.3499999972  +0.4999999986  
 +0.4500000028  +0.3999999972  +0.4999999986  
 +0.4500000028  +0.2499999972  +0.4999999986  
 +0.4500000028  +0.2999999972  +0.4999999986  
 +0.4500000028  +0.3499999972  +0.4999999986  
 +0.5000000028  +0.3999999972  +0.4999999986  
 +0.5000000028  +0.2499999972  +0.4999999986  
 +0.5000000028  +0.2999999972  +0.4999999986  
 +0.5000000028  +0.3499999972  +0.4999999986  
 +0.5500000028  +0.3999999972  +0.4999999986  
 +0.5500000028  +0.2499999972  +0.4999999986  
 +0.5500000028  +0.2999999972  +0.4999999986  
 +0.5500000028  +0.3499999972  +0.4999999986  
 +0.4000000028  +0.5999999972  +0.4999999986  
 +0.4000000028  +0.4499999972  +0.4999999986  
 +0.4000000028  +0.4999999972  +0.4999999986  
 +0.4000000028  +0.5499999972  +0.4999999986  
 +0.4500000028  +0.5999999972  +0.4999999986  
 +0.4500000028  +0.4499999972  +0.4999999986  
 +0.4500000028  +0.4999999972  +0.4999999986  
 +0.4500000028  +0.5499999972  +0.4999999986  
 +0.5000000028  +0.5999999972  +0.4999999986  
 +0.5000000028  +0.4499999972  +0.4999999986  
 +0.5000000028  +0.4999999972  +0.4999999986  
 +0.5000000028  +0.5499999972  +0.4999999986  
 +0.5500000028  +0.5999999972  +0.4999999986  
 +0.5500000028  +0.4499999972  +0.4999999986  
 +0.5500000028  +0.4999999972  +0.4999999986  
 +0.5500000028  +0.5499999972  +0.4999999986  
 +0.4000000028  +0.7999999972  +0.4999999986  
 +0.4000000028  +0.6499999972  +0.4999999986  
 +0.4000000028  +0.6999999972  +0.4999999986  
 +0.4000000028  +0.7499999972  +0.4999999986  
 +0.4500000028  +0.7999999972  +0.4999999986  
 +0.4500000028  +0.6499999972  +0.4999999986  
 +0.4500000028  +0.6999999972  +0.4999999986  
 +0.4500000028  +0.7499999972  +0.4999999986  
 +0.5000000028  +0.7999999972  +0.4999999986  
 +0.5000000028  +0.6499999972  +0.4999999986  
 +0.5000000028  +0.6999999972  +0.4999999986  
 +0.5000000028  +0.7499999972  +0.4999999986  
 +0.5500000028  +0.7999999972  +0.4999999986  
 +0.5500000028  +0.6499999972  +0.4999999986  
 +0.5500000028  +0.6999999972  +0.4999999986  
 +0.5500000028  +0.7499999972  +0.4999999986  
 +0.4000000028  +0.9999999972  +0.4999999986  
 +0.4000000028  +0.8499999972  +0.4999999986  
 +0.4000000028  +0.8999999972  +0.4999999986  
 +0.4000000028  +0.9499999972  +0.4999999986  
 +0.4500000028  +0.9999999972  +0.4999999986  
 +0.4500000028  +0.8499999972  +0.4999999986  
 +0.4500000028  +0.8999999972  +0.4999999986  
 +0.4500000028  +0.9499999972  +0.4999999986  
 +0.5000000028  +0.9999999972  +0.4999999986  
 +0.5000000028  +0.8499999972  +0.4999999986  
 +0.5000000028  +0.8999999972  +0.4999999986  
 +0.5000000028  +0.9499999972  +0.4999999986  
 +0.5500000028  +0.9999999972  +0.4999999986  
 +0.5500000028  +0.8499999972  +0.4999999986  
 +0.5500000028  +0.8999999972  +0.4999999986  
 +0.5500000028  +0.9499999972  +0.4999999986  
 +0.6000000028  +0.1999999972  +0.4999999986  
 +0.6000000028  +0.0499999972  +0.4999999986  
 +0.6000000028  +0.0999999972  +0.4999999986  
 +0.6000000028  +0.1499999972  +0.4999999986  
 +0.6500000028  +0.1999999972  +0.4999999986  
 +0.6500000028  +0.0499999972  +0.4999999986  
 +0.6500000028  +0.0999999972  +0.4999999986  
 +0.6500000028  +0.1499999972  +0.4999999986  
 +0.7000000028  +0.1999999972  +0.4999999986  
 +0.7000000028  +0.0499999972  +0.4999999986  
 +0.7000000028  +0.0999999972  +0.4999999986  
 +0.7000000028  +0.1499999972  +0.4999999986  
 +0.7500000028  +0.1999999972  +0.4999999986  
 +0.7500000028  +0.0499999972  +0.4999999986  
 +0.7500000028  +0.0999999972  +0.4999999986  
 +0.7500000028  +0.1499999972  +0.4999999986  
 +0.6000000028  +0.3999999972  +0.4999999986  
 +0.6000000028  +0.2499999972  +0.4999999986  
 +0.6000000028  +0.2999999972  +0.4999999986  
 +0.6000000028  +0.3499999972  +0.4999999986  
 +0.6500000028  +0.3999999972  +0.4999999986  
 +0.6500000028  +0.2499999972  +0.4999999986  
 +0.6500000028  +0.2999999972  +0.4999999986  
 +0.6500000028  +0.3499999972  +0.4999999986  
 +0.7000000028  +0.3999999972  +0.4999999986  
 +0.7000000028  +0.2499999972  +0.4999999986  
 +0.7000000028  +0.2999999972  +0.4999999986  
 +0.7000000028  +0.3499999972  +0.4999999986  
 +0.7500000028  +0.3999999972  +0.4999999986  
 +0.7500000028  +0.2499999972  +0.4999999986  
 +0.7500000028  +0.2999999972  +0.4999999986  
 +0.7500000028  +0.3499999972  +0.4999999986  
 +0.6000000028  +0.5999999972  +0.4999999986  
 +0.6000000028  +0.4499999972  +0.4999999986  
 +0.6000000028  +0.4999999972  +0.4999999986  
 +0.6000000028  +0.5499999972  +0.4999999986  
 +0.6500000028  +0.5999999972  +0.4999999986  
 +0.6500000028  +0.4499999972  +0.4999999986  
 +0.6500000028  +0.4999999972  +0.4999999986  
 +0.6500000028  +0.5499999972  +0.4999999986  
 +0.7000000028  +0.5999999972  +0.4999999986  
 +0.7000000028  +0.4499999972  +0.4999999986  
 +0.7000000028  +0.4999999972  +0.4999999986  
 +0.7000000028  +0.5499999972  +0.4999999986  
 +0.7500000028  +0.5999999972  +0.4999999986  
 +0.7500000028  +0.4499999972  +0.4999999986  
 +0.7500000028  +0.4999999972  +0.4999999986  
 +0.7500000028  +0.5499999972  +0.4999999986  
 +0.6000000028  +0.7999999972  +0.4999999986  
 +0.6000000028  +0.6499999972  +0.4999999986  
 +0.6000000028  +0.6999999972  +0.4999999986  
 +0.6000000028  +0.7499999972  +0.4999999986  
 +0.6500000028  +0.7999999972  +0.4999999986  
 +0.6500000028  +0.6499999972  +0.4999999986  
 +0.6500000028  +0.6999999972  +0.4999999986  
 +0.6500000028  +0.7499999972  +0.4999999986  
 +0.7000000028  +0.7999999972  +0.4999999986  
 +0.7000000028  +0.6499999972  +0.4999999986  
 +0.7000000028  +0.6999999972  +0.4999999986  
 +0.7000000028  +0.7499999972  +0.4999999986  
 +0.7500000028  +0.7999999972  +0.4999999986  
 +0.7500000028  +0.6499999972  +0.4999999986  
 +0.7500000028  +0.6999999972  +0.4999999986  
 +0.7500000028  +0.7499999972  +0.4999999986  
 +0.6000000028  +0.9999999972  +0.4999999986  
 +0.6000000028  +0.8499999972  +0.4999999986  
 +0.6000000028  +0.8999999972  +0.4999999986  
 +0.6000000028  +0.9499999972  +0.4999999986  
 +0.6500000028  +0.9999999972  +0.4999999986  
 +0.6500000028  +0.8499999972  +0.4999999986  
 +0.6500000028  +0.8999999972  +0.4999999986  
 +0.6500000028  +0.9499999972  +0.4999999986  
 +0.7000000028  +0.9999999972  +0.4999999986  
 +0.7000000028  +0.8499999972  +0.4999999986  
 +0.7000000028  +0.8999999972  +0.4999999986  
 +0.7000000028  +0.9499999972  +0.4999999986  
 +0.7500000028  +0.9999999972  +0.4999999986  
 +0.7500000028  +0.8499999972  +0.4999999986  
 +0.7500000028  +0.8999999972  +0.4999999986  
 +0.7500000028  +0.9499999972  +0.4999999986  
 +0.8000000028  +0.1999999972  +0.4999999986  
 +0.8000000028  +0.0499999972  +0.4999999986  
 +0.8000000028  +0.0999999972  +0.4999999986  
 +0.8000000028  +0.1499999972  +0.4999999986  
 +0.8500000028  +0.1999999972  +0.4999999986  
 +0.8500000028  +0.0499999972  +0.4999999986  
 +0.8500000028  +0.0999999972  +0.4999999986  
 +0.8500000028  +0.1499999972  +0.4999999986  
 +0.9000000028  +0.1999999972  +0.4999999986  
 +0.9000000028  +0.0499999972  +0.4999999986  
 +0.9000000028  +0.0999999972  +0.4999999986  
 +0.9000000028  +0.1499999972  +0.4999999986  
 +0.9500000028  +0.1999999972  +0.4999999986  
 +0.9500000028  +0.0499999972  +0.4999999986  
 +0.9500000028  +0.0999999972  +0.4999999986  
 +0.9500000028  +0.1499999972  +0.4999999986  
 +0.8000000028  +0.3999999972  +0.4999999986  
 +0.8000000028  +0.2499999972  +0.4999999986  
 +0.8000000028  +0.2999999972  +0.4999999986  
 +0.8000000028  +0.3499999972  +0.4999999986  
 +0.8500000028  +0.3999999972  +0.4999999986  
 +0.8500000028  +0.2499999972  +0.4999999986  
 +0.8500000028  +0.2999999972  +0.4999999986  
 +0.8500000028  +0.3499999972  +0.4999999986  
 +0.9000000028  +0.3999999972  +0.4999999986  
 +0.9000000028  +0.2499999972  +0.4999999986  
 +0.9000000028  +0.2999999972  +0.4999999986  
 +0.9000000028  +0.3499999972  +0.4999999986  
 +0.9500000028  +0.3999999972  +0.4999999986  
 +0.9500000028  +0.2499999972  +0.4999999986  
 +0.9500000028  +0.2999999972  +0.4999999986  
 +0.9500000028  +0.3499999972  +0.4999999986  
 +0.8000000028  +0.5999999972  +0.4999999986  
 +0.8000000028  +0.4499999972  +0.4999999986  
 +0.8000000028  +0.4999999972  +0.4999999986  
 +0.8000000028  +0.5499999972  +0.4999999986  
 +0.8500000028  +0.5999999972  +0.4999999986  
 +0.8500000028  +0.4499999972  +0.4999999986  
 +0.8500000028  +0.4999999972  +0.4999999986  
 +0.8500000028  +0.5499999972  +0.4999999986  
 +0.9000000028  +0.5999999972  +0.4999999986  
 +0.9000000028  +0.4499999972  +0.4999999986  
 +0.9000000028  +0.4999999972  +0.4999999986  
 +0.9000000028  +0.5499999972  +0.4999999986  
 +0.9500000028  +0.5999999972  +0.4999999986  
 +0.9500000028  +0.4499999972  +0.4999999986  
 +0.9500000028  +0.4999999972  +0.4999999986  
 +0.9500000028  +0.5499999972  +0.4999999986  
 +0.8000000028  +0.7999999972  +0.4999999986  
 +0.8000000028  +0.6499999972  +0.4999999986  
 +0.8000000028  +0.6999999972  +0.4999999986  
 +0.8000000028  +0.7499999972  +0.4999999986  
 +0.8500000028  +0.7999999972  +0.4999999986  
 +0.8500000028  +0.6499999972  +0.4999999986  
 +0.8500000028  +0.6999999972  +0.4999999986  
 +0.8500000028  +0.7499999972  +0.4999999986  
 +0.9000000028  +0.7999999972  +0.4999999986  
 +0.9000000028  +0.6499999972  +0.4999999986  
 +0.9000000028  +0.6999999972  +0.4999999986  
 +0.9000000028  +0.7499999972  +0.4999999986  
 +0.9500000028  +0.7999999972  +0.4999999986  
 +0.9500000028  +0.6499999972  +0.4999999986  
 +0.9500000028  +0.6999999972  +0.4999999986  
 +0.9500000028  +0.7499999972  +0.4999999986  
 +0.8000000028  +0.9999999972  +0.4999999986  
 +0.8000000028  +0.8499999972  +0.4999999986  
 +0.8000000028  +0.8999999972  +0.4999999986  
 +0.8000000028  +0.9499999972  +0.4999999986  
 +0.8500000028  +0.9999999972  +0.4999999986  
 +0.8500000028  +0.8499999972  +0.4999999986  
 +0.8500000028  +0.8999999972  +0.4999999986  
 +0.8500000028  +0.9499999972  +0.4999999986  
 +0.9000000028  +0.9999999972  +0.4999999986  
 +0.9000000028  +0.8499999972  +0.4999999986  
 +0.9000000028  +0.8999999972  +0.4999999986  
 +0.9000000028  +0.9499999972  +0.4999999986  
 +0.9500000028  +0.9999999972  +0.4999999986  
 +0.9500000028  +0.8499999972  +0.4999999986  
 +0.9500000028  +0.8999999972  +0.4999999986  
 +0.9500000028  +0.9499999972  +0.4999999986  
